Temperature (K)    Cooling (erg cm^3 s^-1)    Cooling (0.3<Ebin<8 keV) 
0.000000e+00 	 0.000000e+00 	 0.000000e+00 
1.001001e-01 	 1.002003e-02 	 1.003006e-03 
2.002002e-01 	 4.008012e-02 	 8.024048e-03 
3.003003e-01 	 9.018027e-02 	 2.708116e-02 
4.004004e-01 	 1.603205e-01 	 6.419238e-02 
5.005005e-01 	 2.505008e-01 	 1.253758e-01 
6.006006e-01 	 3.607211e-01 	 2.166493e-01 
7.007007e-01 	 4.909815e-01 	 3.440311e-01 
8.008008e-01 	 6.412819e-01 	 5.135391e-01 
9.009009e-01 	 8.116224e-01 	 7.311914e-01 
1.001001e+00 	 1.002003e+00 	 1.003006e+00 
1.101101e+00 	 1.212424e+00 	 1.335001e+00 
1.201201e+00 	 1.442884e+00 	 1.733194e+00 
1.301301e+00 	 1.693385e+00 	 2.203604e+00 
1.401401e+00 	 1.963926e+00 	 2.752248e+00 
1.501502e+00 	 2.254507e+00 	 3.385145e+00 
1.601602e+00 	 2.565128e+00 	 4.108313e+00 
1.701702e+00 	 2.895789e+00 	 4.927769e+00 
1.801802e+00 	 3.246490e+00 	 5.849531e+00 
1.901902e+00 	 3.617231e+00 	 6.879618e+00 
2.002002e+00 	 4.008012e+00 	 8.024048e+00 
2.102102e+00 	 4.418833e+00 	 9.288839e+00 
2.202202e+00 	 4.849695e+00 	 1.068001e+01 
2.302302e+00 	 5.300596e+00 	 1.220357e+01 
2.402402e+00 	 5.771537e+00 	 1.386556e+01 
2.502503e+00 	 6.262519e+00 	 1.567197e+01 
2.602603e+00 	 6.773540e+00 	 1.762883e+01 
2.702703e+00 	 7.304602e+00 	 1.974217e+01 
2.802803e+00 	 7.855704e+00 	 2.201799e+01 
2.902903e+00 	 8.426845e+00 	 2.446231e+01 
3.003003e+00 	 9.018027e+00 	 2.708116e+01 
3.103103e+00 	 9.629249e+00 	 2.988055e+01 
3.203203e+00 	 1.026051e+01 	 3.286650e+01 
3.303303e+00 	 1.091181e+01 	 3.604503e+01 
3.403403e+00 	 1.158315e+01 	 3.942215e+01 
3.503504e+00 	 1.227454e+01 	 4.300388e+01 
3.603604e+00 	 1.298596e+01 	 4.679625e+01 
3.703704e+00 	 1.371742e+01 	 5.080526e+01 
3.803804e+00 	 1.446892e+01 	 5.503695e+01 
3.903904e+00 	 1.524047e+01 	 5.949731e+01 
4.004004e+00 	 1.603205e+01 	 6.419238e+01 
4.104104e+00 	 1.684367e+01 	 6.912818e+01 
4.204204e+00 	 1.767533e+01 	 7.431071e+01 
4.304304e+00 	 1.852704e+01 	 7.974600e+01 
4.404404e+00 	 1.939878e+01 	 8.544006e+01 
4.504505e+00 	 2.029056e+01 	 9.139892e+01 
4.604605e+00 	 2.120238e+01 	 9.762859e+01 
4.704705e+00 	 2.213425e+01 	 1.041351e+02 
4.804805e+00 	 2.308615e+01 	 1.109244e+02 
4.904905e+00 	 2.405809e+01 	 1.180027e+02 
5.005005e+00 	 2.505008e+01 	 1.253758e+02 
5.105105e+00 	 2.606210e+01 	 1.330498e+02 
5.205205e+00 	 2.709416e+01 	 1.410307e+02 
5.305305e+00 	 2.814626e+01 	 1.493245e+02 
5.405405e+00 	 2.921841e+01 	 1.579373e+02 
5.505506e+00 	 3.031059e+01 	 1.668751e+02 
5.605606e+00 	 3.142281e+01 	 1.761439e+02 
5.705706e+00 	 3.255508e+01 	 1.857497e+02 
5.805806e+00 	 3.370738e+01 	 1.956985e+02 
5.905906e+00 	 3.487972e+01 	 2.059964e+02 
6.006006e+00 	 3.607211e+01 	 2.166493e+02 
6.106106e+00 	 3.728453e+01 	 2.276633e+02 
6.206206e+00 	 3.851700e+01 	 2.390444e+02 
6.306306e+00 	 3.976950e+01 	 2.507986e+02 
6.406406e+00 	 4.104204e+01 	 2.629320e+02 
6.506507e+00 	 4.233463e+01 	 2.754505e+02 
6.606607e+00 	 4.364725e+01 	 2.883602e+02 
6.706707e+00 	 4.497991e+01 	 3.016671e+02 
6.806807e+00 	 4.633262e+01 	 3.153772e+02 
6.906907e+00 	 4.770536e+01 	 3.294965e+02 
7.007007e+00 	 4.909815e+01 	 3.440311e+02 
7.107107e+00 	 5.051097e+01 	 3.589869e+02 
7.207207e+00 	 5.194384e+01 	 3.743700e+02 
7.307307e+00 	 5.339674e+01 	 3.901864e+02 
7.407407e+00 	 5.486968e+01 	 4.064421e+02 
7.507508e+00 	 5.636267e+01 	 4.231432e+02 
7.607608e+00 	 5.787569e+01 	 4.402956e+02 
7.707708e+00 	 5.940876e+01 	 4.579053e+02 
7.807808e+00 	 6.096186e+01 	 4.759785e+02 
7.907908e+00 	 6.253501e+01 	 4.945211e+02 
8.008008e+00 	 6.412819e+01 	 5.135391e+02 
8.108108e+00 	 6.574142e+01 	 5.330385e+02 
8.208208e+00 	 6.737468e+01 	 5.530254e+02 
8.308308e+00 	 6.902799e+01 	 5.735058e+02 
8.408408e+00 	 7.070133e+01 	 5.944857e+02 
8.508509e+00 	 7.239472e+01 	 6.159711e+02 
8.608609e+00 	 7.410814e+01 	 6.379680e+02 
8.708709e+00 	 7.584161e+01 	 6.604825e+02 
8.808809e+00 	 7.759511e+01 	 6.835205e+02 
8.908909e+00 	 7.936866e+01 	 7.070881e+02 
9.009009e+00 	 8.116224e+01 	 7.311914e+02 
9.109109e+00 	 8.297587e+01 	 7.558362e+02 
9.209209e+00 	 8.480953e+01 	 7.810287e+02 
9.309309e+00 	 8.666324e+01 	 8.067749e+02 
9.409409e+00 	 8.853699e+01 	 8.330807e+02 
9.509510e+00 	 9.043077e+01 	 8.599523e+02 
9.609610e+00 	 9.234460e+01 	 8.873955e+02 
9.709710e+00 	 9.427846e+01 	 9.154165e+02 
9.809810e+00 	 9.623237e+01 	 9.440212e+02 
9.909910e+00 	 9.820631e+01 	 9.732157e+02 
1.001001e+01 	 1.002003e+02 	 1.003006e+03 
1.011011e+01 	 1.022143e+02 	 1.033398e+03 
1.021021e+01 	 1.042484e+02 	 1.064398e+03 
1.031031e+01 	 1.063025e+02 	 1.096012e+03 
1.041041e+01 	 1.083766e+02 	 1.128245e+03 
1.051051e+01 	 1.104708e+02 	 1.161105e+03 
1.061061e+01 	 1.125851e+02 	 1.194596e+03 
1.071071e+01 	 1.147193e+02 	 1.228725e+03 
1.081081e+01 	 1.168736e+02 	 1.263499e+03 
1.091091e+01 	 1.190480e+02 	 1.298922e+03 
1.101101e+01 	 1.212424e+02 	 1.335001e+03 
1.111111e+01 	 1.234568e+02 	 1.371742e+03 
1.121121e+01 	 1.256913e+02 	 1.409151e+03 
1.131131e+01 	 1.279458e+02 	 1.447234e+03 
1.141141e+01 	 1.302203e+02 	 1.485998e+03 
1.151151e+01 	 1.325149e+02 	 1.525447e+03 
1.161161e+01 	 1.348295e+02 	 1.565588e+03 
1.171171e+01 	 1.371642e+02 	 1.606427e+03 
1.181181e+01 	 1.395189e+02 	 1.647971e+03 
1.191191e+01 	 1.418936e+02 	 1.690225e+03 
1.201201e+01 	 1.442884e+02 	 1.733194e+03 
1.211211e+01 	 1.467033e+02 	 1.776886e+03 
1.221221e+01 	 1.491381e+02 	 1.821306e+03 
1.231231e+01 	 1.515930e+02 	 1.866461e+03 
1.241241e+01 	 1.540680e+02 	 1.912355e+03 
1.251251e+01 	 1.565630e+02 	 1.958996e+03 
1.261261e+01 	 1.590780e+02 	 2.006389e+03 
1.271271e+01 	 1.616131e+02 	 2.054540e+03 
1.281281e+01 	 1.641682e+02 	 2.103456e+03 
1.291291e+01 	 1.667433e+02 	 2.153142e+03 
1.301301e+01 	 1.693385e+02 	 2.203604e+03 
1.311311e+01 	 1.719537e+02 	 2.254849e+03 
1.321321e+01 	 1.745890e+02 	 2.306882e+03 
1.331331e+01 	 1.772443e+02 	 2.359709e+03 
1.341341e+01 	 1.799197e+02 	 2.413337e+03 
1.351351e+01 	 1.826150e+02 	 2.467771e+03 
1.361361e+01 	 1.853305e+02 	 2.523017e+03 
1.371371e+01 	 1.880659e+02 	 2.579083e+03 
1.381381e+01 	 1.908215e+02 	 2.635972e+03 
1.391391e+01 	 1.935970e+02 	 2.693692e+03 
1.401401e+01 	 1.963926e+02 	 2.752248e+03 
1.411411e+01 	 1.992082e+02 	 2.811648e+03 
1.421421e+01 	 2.020439e+02 	 2.871895e+03 
1.431431e+01 	 2.048996e+02 	 2.932997e+03 
1.441441e+01 	 2.077753e+02 	 2.994960e+03 
1.451451e+01 	 2.106711e+02 	 3.057789e+03 
1.461461e+01 	 2.135870e+02 	 3.121491e+03 
1.471471e+01 	 2.165228e+02 	 3.186072e+03 
1.481481e+01 	 2.194787e+02 	 3.251537e+03 
1.491491e+01 	 2.224547e+02 	 3.317893e+03 
1.501502e+01 	 2.254507e+02 	 3.385145e+03 
1.511512e+01 	 2.284667e+02 	 3.453301e+03 
1.521522e+01 	 2.315028e+02 	 3.522365e+03 
1.531532e+01 	 2.345589e+02 	 3.592343e+03 
1.541542e+01 	 2.376350e+02 	 3.663243e+03 
1.551552e+01 	 2.407312e+02 	 3.735069e+03 
1.561562e+01 	 2.438475e+02 	 3.807828e+03 
1.571572e+01 	 2.469837e+02 	 3.881526e+03 
1.581582e+01 	 2.501400e+02 	 3.956169e+03 
1.591592e+01 	 2.533164e+02 	 4.031762e+03 
1.601602e+01 	 2.565128e+02 	 4.108313e+03 
1.611612e+01 	 2.597292e+02 	 4.185826e+03 
1.621622e+01 	 2.629657e+02 	 4.264308e+03 
1.631632e+01 	 2.662222e+02 	 4.343765e+03 
1.641642e+01 	 2.694987e+02 	 4.424203e+03 
1.651652e+01 	 2.727953e+02 	 4.505628e+03 
1.661662e+01 	 2.761119e+02 	 4.588046e+03 
1.671672e+01 	 2.794486e+02 	 4.671463e+03 
1.681682e+01 	 2.828053e+02 	 4.755885e+03 
1.691692e+01 	 2.861821e+02 	 4.841318e+03 
1.701702e+01 	 2.895789e+02 	 4.927769e+03 
1.711712e+01 	 2.929957e+02 	 5.015242e+03 
1.721722e+01 	 2.964326e+02 	 5.103744e+03 
1.731732e+01 	 2.998895e+02 	 5.193281e+03 
1.741742e+01 	 3.033664e+02 	 5.283860e+03 
1.751752e+01 	 3.068634e+02 	 5.375485e+03 
1.761762e+01 	 3.103805e+02 	 5.468164e+03 
1.771772e+01 	 3.139175e+02 	 5.561902e+03 
1.781782e+01 	 3.174746e+02 	 5.656705e+03 
1.791792e+01 	 3.210518e+02 	 5.752579e+03 
1.801802e+01 	 3.246490e+02 	 5.849531e+03 
1.811812e+01 	 3.282662e+02 	 5.947566e+03 
1.821822e+01 	 3.319035e+02 	 6.046690e+03 
1.831832e+01 	 3.355608e+02 	 6.146909e+03 
1.841842e+01 	 3.392381e+02 	 6.248230e+03 
1.851852e+01 	 3.429355e+02 	 6.350658e+03 
1.861862e+01 	 3.466530e+02 	 6.454199e+03 
1.871872e+01 	 3.503904e+02 	 6.558860e+03 
1.881882e+01 	 3.541479e+02 	 6.664646e+03 
1.891892e+01 	 3.579255e+02 	 6.771563e+03 
1.901902e+01 	 3.617231e+02 	 6.879618e+03 
1.911912e+01 	 3.655407e+02 	 6.988816e+03 
1.921922e+01 	 3.693784e+02 	 7.099164e+03 
1.931932e+01 	 3.732361e+02 	 7.210667e+03 
1.941942e+01 	 3.771139e+02 	 7.323332e+03 
1.951952e+01 	 3.810116e+02 	 7.437164e+03 
1.961962e+01 	 3.849295e+02 	 7.552170e+03 
1.971972e+01 	 3.888673e+02 	 7.668355e+03 
1.981982e+01 	 3.928253e+02 	 7.785726e+03 
1.991992e+01 	 3.968032e+02 	 7.904288e+03 
2.002002e+01 	 4.008012e+02 	 8.024048e+03 
2.012012e+01 	 4.048192e+02 	 8.145012e+03 
2.022022e+01 	 4.088573e+02 	 8.267185e+03 
2.032032e+01 	 4.129154e+02 	 8.390574e+03 
2.042042e+01 	 4.169936e+02 	 8.515184e+03 
2.052052e+01 	 4.210918e+02 	 8.641022e+03 
2.062062e+01 	 4.252100e+02 	 8.768094e+03 
2.072072e+01 	 4.293483e+02 	 8.896406e+03 
2.082082e+01 	 4.335066e+02 	 9.025963e+03 
2.092092e+01 	 4.376849e+02 	 9.156772e+03 
2.102102e+01 	 4.418833e+02 	 9.288839e+03 
2.112112e+01 	 4.461018e+02 	 9.422169e+03 
2.122122e+01 	 4.503402e+02 	 9.556770e+03 
2.132132e+01 	 4.545987e+02 	 9.692646e+03 
2.142142e+01 	 4.588773e+02 	 9.829804e+03 
2.152152e+01 	 4.631759e+02 	 9.968250e+03 
2.162162e+01 	 4.674945e+02 	 1.010799e+04 
2.172172e+01 	 4.718332e+02 	 1.024903e+04 
2.182182e+01 	 4.761919e+02 	 1.039137e+04 
2.192192e+01 	 4.805707e+02 	 1.053503e+04 
2.202202e+01 	 4.849695e+02 	 1.068001e+04 
2.212212e+01 	 4.893883e+02 	 1.082631e+04 
2.222222e+01 	 4.938272e+02 	 1.097394e+04 
2.232232e+01 	 4.982861e+02 	 1.112290e+04 
2.242242e+01 	 5.027650e+02 	 1.127321e+04 
2.252252e+01 	 5.072640e+02 	 1.142487e+04 
2.262262e+01 	 5.117831e+02 	 1.157787e+04 
2.272272e+01 	 5.163221e+02 	 1.173224e+04 
2.282282e+01 	 5.208812e+02 	 1.188798e+04 
2.292292e+01 	 5.254604e+02 	 1.204509e+04 
2.302302e+01 	 5.300596e+02 	 1.220357e+04 
2.312312e+01 	 5.346788e+02 	 1.236344e+04 
2.322322e+01 	 5.393181e+02 	 1.252470e+04 
2.332332e+01 	 5.439774e+02 	 1.268736e+04 
2.342342e+01 	 5.486568e+02 	 1.285142e+04 
2.352352e+01 	 5.533562e+02 	 1.301689e+04 
2.362362e+01 	 5.580756e+02 	 1.318377e+04 
2.372372e+01 	 5.628151e+02 	 1.335207e+04 
2.382382e+01 	 5.675746e+02 	 1.352180e+04 
2.392392e+01 	 5.723541e+02 	 1.369296e+04 
2.402402e+01 	 5.771537e+02 	 1.386556e+04 
2.412412e+01 	 5.819734e+02 	 1.403960e+04 
2.422422e+01 	 5.868130e+02 	 1.421509e+04 
2.432432e+01 	 5.916728e+02 	 1.439204e+04 
2.442442e+01 	 5.965525e+02 	 1.457045e+04 
2.452452e+01 	 6.014523e+02 	 1.475033e+04 
2.462462e+01 	 6.063721e+02 	 1.493169e+04 
2.472472e+01 	 6.113120e+02 	 1.511452e+04 
2.482482e+01 	 6.162719e+02 	 1.529884e+04 
2.492492e+01 	 6.212519e+02 	 1.548466e+04 
2.502503e+01 	 6.262519e+02 	 1.567197e+04 
2.512513e+01 	 6.312719e+02 	 1.586079e+04 
2.522523e+01 	 6.363120e+02 	 1.605111e+04 
2.532533e+01 	 6.413721e+02 	 1.624296e+04 
2.542543e+01 	 6.464523e+02 	 1.643632e+04 
2.552553e+01 	 6.515525e+02 	 1.663122e+04 
2.562563e+01 	 6.566727e+02 	 1.682765e+04 
2.572573e+01 	 6.618130e+02 	 1.702562e+04 
2.582583e+01 	 6.669733e+02 	 1.722514e+04 
2.592593e+01 	 6.721536e+02 	 1.742621e+04 
2.602603e+01 	 6.773540e+02 	 1.762883e+04 
2.612613e+01 	 6.825745e+02 	 1.783303e+04 
2.622623e+01 	 6.878149e+02 	 1.803879e+04 
2.632633e+01 	 6.930755e+02 	 1.824613e+04 
2.642643e+01 	 6.983560e+02 	 1.845505e+04 
2.652653e+01 	 7.036566e+02 	 1.866557e+04 
2.662663e+01 	 7.089772e+02 	 1.887767e+04 
2.672673e+01 	 7.143179e+02 	 1.909138e+04 
2.682683e+01 	 7.196786e+02 	 1.930669e+04 
2.692693e+01 	 7.250594e+02 	 1.952362e+04 
2.702703e+01 	 7.304602e+02 	 1.974217e+04 
2.712713e+01 	 7.358810e+02 	 1.996234e+04 
2.722723e+01 	 7.413219e+02 	 2.018414e+04 
2.732733e+01 	 7.467828e+02 	 2.040758e+04 
2.742743e+01 	 7.522638e+02 	 2.063266e+04 
2.752753e+01 	 7.577648e+02 	 2.085939e+04 
2.762763e+01 	 7.632858e+02 	 2.108778e+04 
2.772773e+01 	 7.688269e+02 	 2.131782e+04 
2.782783e+01 	 7.743880e+02 	 2.154954e+04 
2.792793e+01 	 7.799692e+02 	 2.178292e+04 
2.802803e+01 	 7.855704e+02 	 2.201799e+04 
2.812813e+01 	 7.911916e+02 	 2.225474e+04 
2.822823e+01 	 7.968329e+02 	 2.249318e+04 
2.832833e+01 	 8.024942e+02 	 2.273332e+04 
2.842843e+01 	 8.081755e+02 	 2.297516e+04 
2.852853e+01 	 8.138769e+02 	 2.321871e+04 
2.862863e+01 	 8.195984e+02 	 2.346398e+04 
2.872873e+01 	 8.253399e+02 	 2.371096e+04 
2.882883e+01 	 8.311014e+02 	 2.395968e+04 
2.892893e+01 	 8.368829e+02 	 2.421013e+04 
2.902903e+01 	 8.426845e+02 	 2.446231e+04 
2.912913e+01 	 8.485062e+02 	 2.471625e+04 
2.922923e+01 	 8.543478e+02 	 2.497193e+04 
2.932933e+01 	 8.602096e+02 	 2.522937e+04 
2.942943e+01 	 8.660913e+02 	 2.548857e+04 
2.952953e+01 	 8.719931e+02 	 2.574955e+04 
2.962963e+01 	 8.779150e+02 	 2.601229e+04 
2.972973e+01 	 8.838568e+02 	 2.627682e+04 
2.982983e+01 	 8.898187e+02 	 2.654314e+04 
2.992993e+01 	 8.958007e+02 	 2.681125e+04 
3.003003e+01 	 9.018027e+02 	 2.708116e+04 
3.013013e+01 	 9.078247e+02 	 2.735288e+04 
3.023023e+01 	 9.138668e+02 	 2.762640e+04 
3.033033e+01 	 9.199289e+02 	 2.790175e+04 
3.043043e+01 	 9.260111e+02 	 2.817892e+04 
3.053053e+01 	 9.321133e+02 	 2.845791e+04 
3.063063e+01 	 9.382355e+02 	 2.873875e+04 
3.073073e+01 	 9.443778e+02 	 2.902142e+04 
3.083083e+01 	 9.505401e+02 	 2.930594e+04 
3.093093e+01 	 9.567225e+02 	 2.959232e+04 
3.103103e+01 	 9.629249e+02 	 2.988055e+04 
3.113113e+01 	 9.691473e+02 	 3.017065e+04 
3.123123e+01 	 9.753898e+02 	 3.046262e+04 
3.133133e+01 	 9.816523e+02 	 3.075647e+04 
3.143143e+01 	 9.879349e+02 	 3.105221e+04 
3.153153e+01 	 9.942375e+02 	 3.134983e+04 
3.163163e+01 	 1.000560e+03 	 3.164935e+04 
3.173173e+01 	 1.006903e+03 	 3.195077e+04 
3.183183e+01 	 1.013266e+03 	 3.225410e+04 
3.193193e+01 	 1.019648e+03 	 3.255934e+04 
3.203203e+01 	 1.026051e+03 	 3.286650e+04 
3.213213e+01 	 1.032474e+03 	 3.317559e+04 
3.223223e+01 	 1.038917e+03 	 3.348661e+04 
3.233233e+01 	 1.045380e+03 	 3.379956e+04 
3.243243e+01 	 1.051863e+03 	 3.411447e+04 
3.253253e+01 	 1.058366e+03 	 3.443132e+04 
3.263263e+01 	 1.064889e+03 	 3.475012e+04 
3.273273e+01 	 1.071432e+03 	 3.507089e+04 
3.283283e+01 	 1.077995e+03 	 3.539363e+04 
3.293293e+01 	 1.084578e+03 	 3.571834e+04 
3.303303e+01 	 1.091181e+03 	 3.604503e+04 
3.313313e+01 	 1.097805e+03 	 3.637370e+04 
3.323323e+01 	 1.104448e+03 	 3.670437e+04 
3.333333e+01 	 1.111111e+03 	 3.703704e+04 
3.343343e+01 	 1.117794e+03 	 3.737171e+04 
3.353353e+01 	 1.124498e+03 	 3.770839e+04 
3.363363e+01 	 1.131221e+03 	 3.804708e+04 
3.373373e+01 	 1.137965e+03 	 3.838780e+04 
3.383383e+01 	 1.144728e+03 	 3.873055e+04 
3.393393e+01 	 1.151512e+03 	 3.907533e+04 
3.403403e+01 	 1.158315e+03 	 3.942215e+04 
3.413413e+01 	 1.165139e+03 	 3.977101e+04 
3.423423e+01 	 1.171983e+03 	 4.012193e+04 
3.433433e+01 	 1.178847e+03 	 4.047491e+04 
3.443443e+01 	 1.185730e+03 	 4.082995e+04 
3.453453e+01 	 1.192634e+03 	 4.118706e+04 
3.463463e+01 	 1.199558e+03 	 4.154625e+04 
3.473473e+01 	 1.206502e+03 	 4.190752e+04 
3.483483e+01 	 1.213466e+03 	 4.227088e+04 
3.493493e+01 	 1.220450e+03 	 4.263633e+04 
3.503504e+01 	 1.227454e+03 	 4.300388e+04 
3.513514e+01 	 1.234478e+03 	 4.337354e+04 
3.523524e+01 	 1.241522e+03 	 4.374531e+04 
3.533534e+01 	 1.248586e+03 	 4.411920e+04 
3.543544e+01 	 1.255670e+03 	 4.449522e+04 
3.553554e+01 	 1.262774e+03 	 4.487336e+04 
3.563564e+01 	 1.269899e+03 	 4.525364e+04 
3.573574e+01 	 1.277043e+03 	 4.563606e+04 
3.583584e+01 	 1.284207e+03 	 4.602064e+04 
3.593594e+01 	 1.291391e+03 	 4.640736e+04 
3.603604e+01 	 1.298596e+03 	 4.679625e+04 
3.613614e+01 	 1.305820e+03 	 4.718730e+04 
3.623624e+01 	 1.313065e+03 	 4.758053e+04 
3.633634e+01 	 1.320329e+03 	 4.797593e+04 
3.643644e+01 	 1.327614e+03 	 4.837352e+04 
3.653654e+01 	 1.334919e+03 	 4.877330e+04 
3.663664e+01 	 1.342243e+03 	 4.917527e+04 
3.673674e+01 	 1.349588e+03 	 4.957945e+04 
3.683684e+01 	 1.356953e+03 	 4.998584e+04 
3.693694e+01 	 1.364337e+03 	 5.039444e+04 
3.703704e+01 	 1.371742e+03 	 5.080526e+04 
3.713714e+01 	 1.379167e+03 	 5.121831e+04 
3.723724e+01 	 1.386612e+03 	 5.163359e+04 
3.733734e+01 	 1.394077e+03 	 5.205111e+04 
3.743744e+01 	 1.401562e+03 	 5.247088e+04 
3.753754e+01 	 1.409067e+03 	 5.289290e+04 
3.763764e+01 	 1.416592e+03 	 5.331717e+04 
3.773774e+01 	 1.424137e+03 	 5.374370e+04 
3.783784e+01 	 1.431702e+03 	 5.417251e+04 
3.793794e+01 	 1.439287e+03 	 5.460359e+04 
3.803804e+01 	 1.446892e+03 	 5.503695e+04 
3.813814e+01 	 1.454518e+03 	 5.547259e+04 
3.823824e+01 	 1.462163e+03 	 5.591053e+04 
3.833834e+01 	 1.469828e+03 	 5.635077e+04 
3.843844e+01 	 1.477514e+03 	 5.679331e+04 
3.853854e+01 	 1.485219e+03 	 5.723817e+04 
3.863864e+01 	 1.492944e+03 	 5.768534e+04 
3.873874e+01 	 1.500690e+03 	 5.813483e+04 
3.883884e+01 	 1.508455e+03 	 5.858666e+04 
3.893894e+01 	 1.516241e+03 	 5.904081e+04 
3.903904e+01 	 1.524047e+03 	 5.949731e+04 
3.913914e+01 	 1.531872e+03 	 5.995616e+04 
3.923924e+01 	 1.539718e+03 	 6.041736e+04 
3.933934e+01 	 1.547584e+03 	 6.088092e+04 
3.943944e+01 	 1.555469e+03 	 6.134684e+04 
3.953954e+01 	 1.563375e+03 	 6.181514e+04 
3.963964e+01 	 1.571301e+03 	 6.228581e+04 
3.973974e+01 	 1.579247e+03 	 6.275886e+04 
3.983984e+01 	 1.587213e+03 	 6.323431e+04 
3.993994e+01 	 1.595199e+03 	 6.371214e+04 
4.004004e+01 	 1.603205e+03 	 6.419238e+04 
4.014014e+01 	 1.611231e+03 	 6.467503e+04 
4.024024e+01 	 1.619277e+03 	 6.516009e+04 
4.034034e+01 	 1.627343e+03 	 6.564757e+04 
4.044044e+01 	 1.635429e+03 	 6.613748e+04 
4.054054e+01 	 1.643535e+03 	 6.662981e+04 
4.064064e+01 	 1.651662e+03 	 6.712459e+04 
4.074074e+01 	 1.659808e+03 	 6.762181e+04 
4.084084e+01 	 1.667974e+03 	 6.812147e+04 
4.094094e+01 	 1.676161e+03 	 6.862359e+04 
4.104104e+01 	 1.684367e+03 	 6.912818e+04 
4.114114e+01 	 1.692593e+03 	 6.963523e+04 
4.124124e+01 	 1.700840e+03 	 7.014475e+04 
4.134134e+01 	 1.709107e+03 	 7.065676e+04 
4.144144e+01 	 1.717393e+03 	 7.117124e+04 
4.154154e+01 	 1.725700e+03 	 7.168822e+04 
4.164164e+01 	 1.734026e+03 	 7.220770e+04 
4.174174e+01 	 1.742373e+03 	 7.272968e+04 
4.184184e+01 	 1.750740e+03 	 7.325417e+04 
4.194194e+01 	 1.759126e+03 	 7.378118e+04 
4.204204e+01 	 1.767533e+03 	 7.431071e+04 
4.214214e+01 	 1.775960e+03 	 7.484276e+04 
4.224224e+01 	 1.784407e+03 	 7.537735e+04 
4.234234e+01 	 1.792874e+03 	 7.591448e+04 
4.244244e+01 	 1.801361e+03 	 7.645416e+04 
4.254254e+01 	 1.809868e+03 	 7.699638e+04 
4.264264e+01 	 1.818395e+03 	 7.754117e+04 
4.274274e+01 	 1.826942e+03 	 7.808851e+04 
4.284284e+01 	 1.835509e+03 	 7.863843e+04 
4.294294e+01 	 1.844096e+03 	 7.919092e+04 
4.304304e+01 	 1.852704e+03 	 7.974600e+04 
4.314314e+01 	 1.861331e+03 	 8.030366e+04 
4.324324e+01 	 1.869978e+03 	 8.086392e+04 
4.334334e+01 	 1.878645e+03 	 8.142677e+04 
4.344344e+01 	 1.887333e+03 	 8.199223e+04 
4.354354e+01 	 1.896040e+03 	 8.256031e+04 
4.364364e+01 	 1.904768e+03 	 8.313100e+04 
4.374374e+01 	 1.913515e+03 	 8.370431e+04 
4.384384e+01 	 1.922283e+03 	 8.428026e+04 
4.394394e+01 	 1.931070e+03 	 8.485884e+04 
4.404404e+01 	 1.939878e+03 	 8.544006e+04 
4.414414e+01 	 1.948705e+03 	 8.602393e+04 
4.424424e+01 	 1.957553e+03 	 8.661046e+04 
4.434434e+01 	 1.966421e+03 	 8.719964e+04 
4.444444e+01 	 1.975309e+03 	 8.779150e+04 
4.454454e+01 	 1.984216e+03 	 8.838602e+04 
4.464464e+01 	 1.993144e+03 	 8.898322e+04 
4.474474e+01 	 2.002092e+03 	 8.958310e+04 
4.484484e+01 	 2.011060e+03 	 9.018568e+04 
4.494494e+01 	 2.020048e+03 	 9.079095e+04 
4.504505e+01 	 2.029056e+03 	 9.139892e+04 
4.514515e+01 	 2.038084e+03 	 9.200960e+04 
4.524525e+01 	 2.047132e+03 	 9.262300e+04 
4.534535e+01 	 2.056200e+03 	 9.323911e+04 
4.544545e+01 	 2.065289e+03 	 9.385796e+04 
4.554555e+01 	 2.074397e+03 	 9.447953e+04 
4.564565e+01 	 2.083525e+03 	 9.510384e+04 
4.574575e+01 	 2.092673e+03 	 9.573090e+04 
4.584585e+01 	 2.101842e+03 	 9.636071e+04 
4.594595e+01 	 2.111030e+03 	 9.699327e+04 
4.604605e+01 	 2.120238e+03 	 9.762859e+04 
4.614615e+01 	 2.129467e+03 	 9.826669e+04 
4.624625e+01 	 2.138715e+03 	 9.890755e+04 
4.634635e+01 	 2.147984e+03 	 9.955120e+04 
4.644645e+01 	 2.157272e+03 	 1.001976e+05 
4.654655e+01 	 2.166581e+03 	 1.008469e+05 
4.664665e+01 	 2.175910e+03 	 1.014989e+05 
4.674675e+01 	 2.185258e+03 	 1.021537e+05 
4.684685e+01 	 2.194627e+03 	 1.028114e+05 
4.694695e+01 	 2.204016e+03 	 1.034718e+05 
4.704705e+01 	 2.213425e+03 	 1.041351e+05 
4.714715e+01 	 2.222853e+03 	 1.048012e+05 
4.724725e+01 	 2.232302e+03 	 1.054701e+05 
4.734735e+01 	 2.241771e+03 	 1.061419e+05 
4.744745e+01 	 2.251260e+03 	 1.068166e+05 
4.754755e+01 	 2.260769e+03 	 1.074940e+05 
4.764765e+01 	 2.270298e+03 	 1.081744e+05 
4.774775e+01 	 2.279847e+03 	 1.088576e+05 
4.784785e+01 	 2.289417e+03 	 1.095437e+05 
4.794795e+01 	 2.299006e+03 	 1.102326e+05 
4.804805e+01 	 2.308615e+03 	 1.109244e+05 
4.814815e+01 	 2.318244e+03 	 1.116192e+05 
4.824825e+01 	 2.327893e+03 	 1.123168e+05 
4.834835e+01 	 2.337563e+03 	 1.130173e+05 
4.844845e+01 	 2.347252e+03 	 1.137207e+05 
4.854855e+01 	 2.356962e+03 	 1.144271e+05 
4.864865e+01 	 2.366691e+03 	 1.151363e+05 
4.874875e+01 	 2.376441e+03 	 1.158485e+05 
4.884885e+01 	 2.386210e+03 	 1.165636e+05 
4.894895e+01 	 2.396000e+03 	 1.172817e+05 
4.904905e+01 	 2.405809e+03 	 1.180027e+05 
4.914915e+01 	 2.415639e+03 	 1.187266e+05 
4.924925e+01 	 2.425489e+03 	 1.194535e+05 
4.934935e+01 	 2.435358e+03 	 1.201833e+05 
4.944945e+01 	 2.445248e+03 	 1.209162e+05 
4.954955e+01 	 2.455158e+03 	 1.216520e+05 
4.964965e+01 	 2.465088e+03 	 1.223907e+05 
4.974975e+01 	 2.475038e+03 	 1.231325e+05 
4.984985e+01 	 2.485008e+03 	 1.238773e+05 
4.994995e+01 	 2.494998e+03 	 1.246250e+05 
5.005005e+01 	 2.505008e+03 	 1.253758e+05 
5.015015e+01 	 2.515038e+03 	 1.261295e+05 
5.025025e+01 	 2.525088e+03 	 1.268863e+05 
5.035035e+01 	 2.535158e+03 	 1.276461e+05 
5.045045e+01 	 2.545248e+03 	 1.284089e+05 
5.055055e+01 	 2.555358e+03 	 1.291748e+05 
5.065065e+01 	 2.565488e+03 	 1.299437e+05 
5.075075e+01 	 2.575639e+03 	 1.307156e+05 
5.085085e+01 	 2.585809e+03 	 1.314906e+05 
5.095095e+01 	 2.595999e+03 	 1.322686e+05 
5.105105e+01 	 2.606210e+03 	 1.330498e+05 
5.115115e+01 	 2.616440e+03 	 1.338339e+05 
5.125125e+01 	 2.626691e+03 	 1.346212e+05 
5.135135e+01 	 2.636961e+03 	 1.354115e+05 
5.145145e+01 	 2.647252e+03 	 1.362050e+05 
5.155155e+01 	 2.657562e+03 	 1.370015e+05 
5.165165e+01 	 2.667893e+03 	 1.378011e+05 
5.175175e+01 	 2.678244e+03 	 1.386038e+05 
5.185185e+01 	 2.688615e+03 	 1.394096e+05 
5.195195e+01 	 2.699005e+03 	 1.402186e+05 
5.205205e+01 	 2.709416e+03 	 1.410307e+05 
5.215215e+01 	 2.719847e+03 	 1.418459e+05 
5.225225e+01 	 2.730298e+03 	 1.426642e+05 
5.235235e+01 	 2.740769e+03 	 1.434857e+05 
5.245245e+01 	 2.751260e+03 	 1.443103e+05 
5.255255e+01 	 2.761771e+03 	 1.451381e+05 
5.265265e+01 	 2.772302e+03 	 1.459690e+05 
5.275275e+01 	 2.782853e+03 	 1.468032e+05 
5.285285e+01 	 2.793424e+03 	 1.476404e+05 
5.295295e+01 	 2.804015e+03 	 1.484809e+05 
5.305305e+01 	 2.814626e+03 	 1.493245e+05 
5.315315e+01 	 2.825258e+03 	 1.501714e+05 
5.325325e+01 	 2.835909e+03 	 1.510214e+05 
5.335335e+01 	 2.846580e+03 	 1.518746e+05 
5.345345e+01 	 2.857272e+03 	 1.527310e+05 
5.355355e+01 	 2.867983e+03 	 1.535907e+05 
5.365365e+01 	 2.878715e+03 	 1.544536e+05 
5.375375e+01 	 2.889466e+03 	 1.553196e+05 
5.385385e+01 	 2.900238e+03 	 1.561890e+05 
5.395395e+01 	 2.911029e+03 	 1.570615e+05 
5.405405e+01 	 2.921841e+03 	 1.579373e+05 
5.415415e+01 	 2.932672e+03 	 1.588164e+05 
5.425425e+01 	 2.943524e+03 	 1.596987e+05 
5.435435e+01 	 2.954396e+03 	 1.605843e+05 
5.445445e+01 	 2.965288e+03 	 1.614731e+05 
5.455455e+01 	 2.976199e+03 	 1.623652e+05 
5.465465e+01 	 2.987131e+03 	 1.632606e+05 
5.475475e+01 	 2.998083e+03 	 1.641593e+05 
5.485485e+01 	 3.009055e+03 	 1.650613e+05 
5.495495e+01 	 3.020047e+03 	 1.659666e+05 
5.505506e+01 	 3.031059e+03 	 1.668751e+05 
5.515516e+01 	 3.042091e+03 	 1.677870e+05 
5.525526e+01 	 3.053143e+03 	 1.687022e+05 
5.535536e+01 	 3.064215e+03 	 1.696207e+05 
5.545546e+01 	 3.075308e+03 	 1.705426e+05 
5.555556e+01 	 3.086420e+03 	 1.714678e+05 
5.565566e+01 	 3.097552e+03 	 1.723963e+05 
5.575576e+01 	 3.108704e+03 	 1.733282e+05 
5.585586e+01 	 3.119877e+03 	 1.742634e+05 
5.595596e+01 	 3.131069e+03 	 1.752020e+05 
5.605606e+01 	 3.142281e+03 	 1.761439e+05 
5.615616e+01 	 3.153514e+03 	 1.770892e+05 
5.625626e+01 	 3.164766e+03 	 1.780379e+05 
5.635636e+01 	 3.176039e+03 	 1.789900e+05 
5.645646e+01 	 3.187331e+03 	 1.799454e+05 
5.655656e+01 	 3.198644e+03 	 1.809043e+05 
5.665666e+01 	 3.209977e+03 	 1.818666e+05 
5.675676e+01 	 3.221329e+03 	 1.828322e+05 
5.685686e+01 	 3.232702e+03 	 1.838013e+05 
5.695696e+01 	 3.244095e+03 	 1.847738e+05 
5.705706e+01 	 3.255508e+03 	 1.857497e+05 
5.715716e+01 	 3.266941e+03 	 1.867290e+05 
5.725726e+01 	 3.278394e+03 	 1.877118e+05 
5.735736e+01 	 3.289866e+03 	 1.886980e+05 
5.745746e+01 	 3.301359e+03 	 1.896877e+05 
5.755756e+01 	 3.312872e+03 	 1.906808e+05 
5.765766e+01 	 3.324405e+03 	 1.916774e+05 
5.775776e+01 	 3.335959e+03 	 1.926775e+05 
5.785786e+01 	 3.347532e+03 	 1.936810e+05 
5.795796e+01 	 3.359125e+03 	 1.946880e+05 
5.805806e+01 	 3.370738e+03 	 1.956985e+05 
5.815816e+01 	 3.382371e+03 	 1.967125e+05 
5.825826e+01 	 3.394025e+03 	 1.977300e+05 
5.835836e+01 	 3.405698e+03 	 1.987509e+05 
5.845846e+01 	 3.417391e+03 	 1.997754e+05 
5.855856e+01 	 3.429105e+03 	 2.008034e+05 
5.865866e+01 	 3.440838e+03 	 2.018350e+05 
5.875876e+01 	 3.452592e+03 	 2.028700e+05 
5.885886e+01 	 3.464365e+03 	 2.039086e+05 
5.895896e+01 	 3.476159e+03 	 2.049507e+05 
5.905906e+01 	 3.487972e+03 	 2.059964e+05 
5.915916e+01 	 3.499806e+03 	 2.070456e+05 
5.925926e+01 	 3.511660e+03 	 2.080984e+05 
5.935936e+01 	 3.523534e+03 	 2.091547e+05 
5.945946e+01 	 3.535427e+03 	 2.102146e+05 
5.955956e+01 	 3.547341e+03 	 2.112781e+05 
5.965966e+01 	 3.559275e+03 	 2.123451e+05 
5.975976e+01 	 3.571229e+03 	 2.134158e+05 
5.985986e+01 	 3.583203e+03 	 2.144900e+05 
5.995996e+01 	 3.595197e+03 	 2.155679e+05 
6.006006e+01 	 3.607211e+03 	 2.166493e+05 
6.016016e+01 	 3.619245e+03 	 2.177344e+05 
6.026026e+01 	 3.631299e+03 	 2.188230e+05 
6.036036e+01 	 3.643373e+03 	 2.199153e+05 
6.046046e+01 	 3.655467e+03 	 2.210112e+05 
6.056056e+01 	 3.667581e+03 	 2.221108e+05 
6.066066e+01 	 3.679716e+03 	 2.232140e+05 
6.076076e+01 	 3.691870e+03 	 2.243208e+05 
6.086086e+01 	 3.704044e+03 	 2.254313e+05 
6.096096e+01 	 3.716239e+03 	 2.265455e+05 
6.106106e+01 	 3.728453e+03 	 2.276633e+05 
6.116116e+01 	 3.740688e+03 	 2.287848e+05 
6.126126e+01 	 3.752942e+03 	 2.299100e+05 
6.136136e+01 	 3.765217e+03 	 2.310388e+05 
6.146146e+01 	 3.777511e+03 	 2.321714e+05 
6.156156e+01 	 3.789826e+03 	 2.333076e+05 
6.166166e+01 	 3.802161e+03 	 2.344475e+05 
6.176176e+01 	 3.814515e+03 	 2.355912e+05 
6.186186e+01 	 3.826890e+03 	 2.367385e+05 
6.196196e+01 	 3.839285e+03 	 2.378896e+05 
6.206206e+01 	 3.851700e+03 	 2.390444e+05 
6.216216e+01 	 3.864134e+03 	 2.402029e+05 
6.226226e+01 	 3.876589e+03 	 2.413652e+05 
6.236236e+01 	 3.889064e+03 	 2.425312e+05 
6.246246e+01 	 3.901559e+03 	 2.437010e+05 
6.256256e+01 	 3.914074e+03 	 2.448745e+05 
6.266266e+01 	 3.926609e+03 	 2.460518e+05 
6.276276e+01 	 3.939164e+03 	 2.472328e+05 
6.286286e+01 	 3.951740e+03 	 2.484177e+05 
6.296296e+01 	 3.964335e+03 	 2.496063e+05 
6.306306e+01 	 3.976950e+03 	 2.507986e+05 
6.316316e+01 	 3.989585e+03 	 2.519948e+05 
6.326326e+01 	 4.002240e+03 	 2.531948e+05 
6.336336e+01 	 4.014916e+03 	 2.543986e+05 
6.346346e+01 	 4.027611e+03 	 2.556062e+05 
6.356356e+01 	 4.040327e+03 	 2.568176e+05 
6.366366e+01 	 4.053062e+03 	 2.580328e+05 
6.376376e+01 	 4.065818e+03 	 2.592518e+05 
6.386386e+01 	 4.078593e+03 	 2.604747e+05 
6.396396e+01 	 4.091389e+03 	 2.617014e+05 
6.406406e+01 	 4.104204e+03 	 2.629320e+05 
6.416416e+01 	 4.117040e+03 	 2.641664e+05 
6.426426e+01 	 4.129896e+03 	 2.654047e+05 
6.436436e+01 	 4.142771e+03 	 2.666468e+05 
6.446446e+01 	 4.155667e+03 	 2.678929e+05 
6.456456e+01 	 4.168583e+03 	 2.691427e+05 
6.466466e+01 	 4.181519e+03 	 2.703965e+05 
6.476476e+01 	 4.194475e+03 	 2.716542e+05 
6.486486e+01 	 4.207451e+03 	 2.729157e+05 
6.496496e+01 	 4.220447e+03 	 2.741812e+05 
6.506507e+01 	 4.233463e+03 	 2.754505e+05 
6.516517e+01 	 4.246499e+03 	 2.767238e+05 
6.526527e+01 	 4.259555e+03 	 2.780010e+05 
6.536537e+01 	 4.272631e+03 	 2.792821e+05 
6.546547e+01 	 4.285727e+03 	 2.805671e+05 
6.556557e+01 	 4.298843e+03 	 2.818561e+05 
6.566567e+01 	 4.311980e+03 	 2.831490e+05 
6.576577e+01 	 4.325136e+03 	 2.844459e+05 
6.586587e+01 	 4.338312e+03 	 2.857467e+05 
6.596597e+01 	 4.351509e+03 	 2.870515e+05 
6.606607e+01 	 4.364725e+03 	 2.883602e+05 
6.616617e+01 	 4.377962e+03 	 2.896729e+05 
6.626627e+01 	 4.391218e+03 	 2.909896e+05 
6.636637e+01 	 4.404495e+03 	 2.923103e+05 
6.646647e+01 	 4.417791e+03 	 2.936350e+05 
6.656657e+01 	 4.431108e+03 	 2.949636e+05 
6.666667e+01 	 4.444444e+03 	 2.962963e+05 
6.676677e+01 	 4.457801e+03 	 2.976330e+05 
6.686687e+01 	 4.471178e+03 	 2.989737e+05 
6.696697e+01 	 4.484575e+03 	 3.003184e+05 
6.706707e+01 	 4.497991e+03 	 3.016671e+05 
6.716717e+01 	 4.511428e+03 	 3.030199e+05 
6.726727e+01 	 4.524885e+03 	 3.043767e+05 
6.736737e+01 	 4.538362e+03 	 3.057375e+05 
6.746747e+01 	 4.551859e+03 	 3.071024e+05 
6.756757e+01 	 4.565376e+03 	 3.084714e+05 
6.766767e+01 	 4.578913e+03 	 3.098444e+05 
6.776777e+01 	 4.592470e+03 	 3.112215e+05 
6.786787e+01 	 4.606047e+03 	 3.126026e+05 
6.796797e+01 	 4.619645e+03 	 3.139879e+05 
6.806807e+01 	 4.633262e+03 	 3.153772e+05 
6.816817e+01 	 4.646899e+03 	 3.167706e+05 
6.826827e+01 	 4.660556e+03 	 3.181681e+05 
6.836837e+01 	 4.674234e+03 	 3.195697e+05 
6.846847e+01 	 4.687931e+03 	 3.209755e+05 
6.856857e+01 	 4.701649e+03 	 3.223853e+05 
6.866867e+01 	 4.715386e+03 	 3.237993e+05 
6.876877e+01 	 4.729144e+03 	 3.252174e+05 
6.886887e+01 	 4.742921e+03 	 3.266396e+05 
6.896897e+01 	 4.756719e+03 	 3.280660e+05 
6.906907e+01 	 4.770536e+03 	 3.294965e+05 
6.916917e+01 	 4.784374e+03 	 3.309312e+05 
6.926927e+01 	 4.798232e+03 	 3.323700e+05 
6.936937e+01 	 4.812109e+03 	 3.338130e+05 
6.946947e+01 	 4.826007e+03 	 3.352602e+05 
6.956957e+01 	 4.839925e+03 	 3.367115e+05 
6.966967e+01 	 4.853863e+03 	 3.381670e+05 
6.976977e+01 	 4.867821e+03 	 3.396267e+05 
6.986987e+01 	 4.881799e+03 	 3.410906e+05 
6.996997e+01 	 4.895797e+03 	 3.425587e+05 
7.007007e+01 	 4.909815e+03 	 3.440311e+05 
7.017017e+01 	 4.923853e+03 	 3.455076e+05 
7.027027e+01 	 4.937911e+03 	 3.469883e+05 
7.037037e+01 	 4.951989e+03 	 3.484733e+05 
7.047047e+01 	 4.966087e+03 	 3.499625e+05 
7.057057e+01 	 4.980205e+03 	 3.514559e+05 
7.067067e+01 	 4.994344e+03 	 3.529536e+05 
7.077077e+01 	 5.008502e+03 	 3.544555e+05 
7.087087e+01 	 5.022680e+03 	 3.559617e+05 
7.097097e+01 	 5.036879e+03 	 3.574722e+05 
7.107107e+01 	 5.051097e+03 	 3.589869e+05 
7.117117e+01 	 5.065336e+03 	 3.605059e+05 
7.127127e+01 	 5.079594e+03 	 3.620291e+05 
7.137137e+01 	 5.093873e+03 	 3.635567e+05 
7.147147e+01 	 5.108171e+03 	 3.650885e+05 
7.157157e+01 	 5.122490e+03 	 3.666246e+05 
7.167167e+01 	 5.136829e+03 	 3.681651e+05 
7.177177e+01 	 5.151187e+03 	 3.697098e+05 
7.187187e+01 	 5.165566e+03 	 3.712589e+05 
7.197197e+01 	 5.179965e+03 	 3.728123e+05 
7.207207e+01 	 5.194384e+03 	 3.743700e+05 
7.217217e+01 	 5.208822e+03 	 3.759320e+05 
7.227227e+01 	 5.223281e+03 	 3.774984e+05 
7.237237e+01 	 5.237760e+03 	 3.790691e+05 
7.247247e+01 	 5.252259e+03 	 3.806442e+05 
7.257257e+01 	 5.266778e+03 	 3.822236e+05 
7.267267e+01 	 5.281317e+03 	 3.838074e+05 
7.277277e+01 	 5.295876e+03 	 3.853956e+05 
7.287287e+01 	 5.310456e+03 	 3.869882e+05 
7.297297e+01 	 5.325055e+03 	 3.885851e+05 
7.307307e+01 	 5.339674e+03 	 3.901864e+05 
7.317317e+01 	 5.354313e+03 	 3.917921e+05 
7.327327e+01 	 5.368973e+03 	 3.934022e+05 
7.337337e+01 	 5.383652e+03 	 3.950167e+05 
7.347347e+01 	 5.398351e+03 	 3.966356e+05 
7.357357e+01 	 5.413071e+03 	 3.982590e+05 
7.367367e+01 	 5.427810e+03 	 3.998867e+05 
7.377377e+01 	 5.442570e+03 	 4.015189e+05 
7.387387e+01 	 5.457349e+03 	 4.031555e+05 
7.397397e+01 	 5.472149e+03 	 4.047966e+05 
7.407407e+01 	 5.486968e+03 	 4.064421e+05 
7.417417e+01 	 5.501808e+03 	 4.080921e+05 
7.427427e+01 	 5.516668e+03 	 4.097465e+05 
7.437437e+01 	 5.531548e+03 	 4.114054e+05 
7.447447e+01 	 5.546447e+03 	 4.130688e+05 
7.457457e+01 	 5.561367e+03 	 4.147366e+05 
7.467467e+01 	 5.576307e+03 	 4.164089e+05 
7.477477e+01 	 5.591267e+03 	 4.180857e+05 
7.487487e+01 	 5.606247e+03 	 4.197670e+05 
7.497497e+01 	 5.621247e+03 	 4.214528e+05 
7.507508e+01 	 5.636267e+03 	 4.231432e+05 
7.517518e+01 	 5.651307e+03 	 4.248380e+05 
7.527528e+01 	 5.666367e+03 	 4.265373e+05 
7.537538e+01 	 5.681447e+03 	 4.282412e+05 
7.547548e+01 	 5.696547e+03 	 4.299496e+05 
7.557558e+01 	 5.711668e+03 	 4.316626e+05 
7.567568e+01 	 5.726808e+03 	 4.333801e+05 
7.577578e+01 	 5.741968e+03 	 4.351021e+05 
7.587588e+01 	 5.757149e+03 	 4.368287e+05 
7.597598e+01 	 5.772349e+03 	 4.385598e+05 
7.607608e+01 	 5.787569e+03 	 4.402956e+05 
7.617618e+01 	 5.802810e+03 	 4.420359e+05 
7.627628e+01 	 5.818070e+03 	 4.437807e+05 
7.637638e+01 	 5.833351e+03 	 4.455302e+05 
7.647648e+01 	 5.848651e+03 	 4.472843e+05 
7.657658e+01 	 5.863972e+03 	 4.490429e+05 
7.667668e+01 	 5.879313e+03 	 4.508062e+05 
7.677678e+01 	 5.894673e+03 	 4.525740e+05 
7.687688e+01 	 5.910054e+03 	 4.543465e+05 
7.697698e+01 	 5.925455e+03 	 4.561236e+05 
7.707708e+01 	 5.940876e+03 	 4.579053e+05 
7.717718e+01 	 5.956317e+03 	 4.596917e+05 
7.727728e+01 	 5.971778e+03 	 4.614827e+05 
7.737738e+01 	 5.987259e+03 	 4.632784e+05 
7.747748e+01 	 6.002760e+03 	 4.650787e+05 
7.757758e+01 	 6.018281e+03 	 4.668836e+05 
7.767768e+01 	 6.033822e+03 	 4.686933e+05 
7.777778e+01 	 6.049383e+03 	 4.705075e+05 
7.787788e+01 	 6.064964e+03 	 4.723265e+05 
7.797798e+01 	 6.080565e+03 	 4.741502e+05 
7.807808e+01 	 6.096186e+03 	 4.759785e+05 
7.817818e+01 	 6.111828e+03 	 4.778115e+05 
7.827828e+01 	 6.127489e+03 	 4.796493e+05 
7.837838e+01 	 6.143170e+03 	 4.814917e+05 
7.847848e+01 	 6.158872e+03 	 4.833389e+05 
7.857858e+01 	 6.174593e+03 	 4.851907e+05 
7.867868e+01 	 6.190334e+03 	 4.870473e+05 
7.877878e+01 	 6.206096e+03 	 4.889087e+05 
7.887888e+01 	 6.221878e+03 	 4.907747e+05 
7.897898e+01 	 6.237679e+03 	 4.926455e+05 
7.907908e+01 	 6.253501e+03 	 4.945211e+05 
7.917918e+01 	 6.269342e+03 	 4.964014e+05 
7.927928e+01 	 6.285204e+03 	 4.982865e+05 
7.937938e+01 	 6.301086e+03 	 5.001763e+05 
7.947948e+01 	 6.316988e+03 	 5.020709e+05 
7.957958e+01 	 6.332909e+03 	 5.039703e+05 
7.967968e+01 	 6.348851e+03 	 5.058744e+05 
7.977978e+01 	 6.364813e+03 	 5.077834e+05 
7.987988e+01 	 6.380795e+03 	 5.096972e+05 
7.997998e+01 	 6.396797e+03 	 5.116157e+05 
8.008008e+01 	 6.412819e+03 	 5.135391e+05 
8.018018e+01 	 6.428861e+03 	 5.154673e+05 
8.028028e+01 	 6.444923e+03 	 5.174003e+05 
8.038038e+01 	 6.461006e+03 	 5.193381e+05 
8.048048e+01 	 6.477108e+03 	 5.212807e+05 
8.058058e+01 	 6.493230e+03 	 5.232282e+05 
8.068068e+01 	 6.509372e+03 	 5.251806e+05 
8.078078e+01 	 6.525535e+03 	 5.271378e+05 
8.088088e+01 	 6.541717e+03 	 5.290998e+05 
8.098098e+01 	 6.557919e+03 	 5.310667e+05 
8.108108e+01 	 6.574142e+03 	 5.330385e+05 
8.118118e+01 	 6.590384e+03 	 5.350152e+05 
8.128128e+01 	 6.606647e+03 	 5.369967e+05 
8.138138e+01 	 6.622929e+03 	 5.389831e+05 
8.148148e+01 	 6.639232e+03 	 5.409744e+05 
8.158158e+01 	 6.655554e+03 	 5.429707e+05 
8.168168e+01 	 6.671897e+03 	 5.449718e+05 
8.178178e+01 	 6.688260e+03 	 5.469778e+05 
8.188188e+01 	 6.704643e+03 	 5.489888e+05 
8.198198e+01 	 6.721045e+03 	 5.510046e+05 
8.208208e+01 	 6.737468e+03 	 5.530254e+05 
8.218218e+01 	 6.753911e+03 	 5.550511e+05 
8.228228e+01 	 6.770374e+03 	 5.570818e+05 
8.238238e+01 	 6.786857e+03 	 5.591174e+05 
8.248248e+01 	 6.803360e+03 	 5.611580e+05 
8.258258e+01 	 6.819883e+03 	 5.632035e+05 
8.268268e+01 	 6.836426e+03 	 5.652540e+05 
8.278278e+01 	 6.852989e+03 	 5.673095e+05 
8.288288e+01 	 6.869572e+03 	 5.693700e+05 
8.298298e+01 	 6.886175e+03 	 5.714354e+05 
8.308308e+01 	 6.902799e+03 	 5.735058e+05 
8.318318e+01 	 6.919442e+03 	 5.755812e+05 
8.328328e+01 	 6.936105e+03 	 5.776616e+05 
8.338338e+01 	 6.952789e+03 	 5.797470e+05 
8.348348e+01 	 6.969492e+03 	 5.818375e+05 
8.358358e+01 	 6.986215e+03 	 5.839329e+05 
8.368368e+01 	 7.002959e+03 	 5.860334e+05 
8.378378e+01 	 7.019722e+03 	 5.881389e+05 
8.388388e+01 	 7.036506e+03 	 5.902495e+05 
8.398398e+01 	 7.053310e+03 	 5.923650e+05 
8.408408e+01 	 7.070133e+03 	 5.944857e+05 
8.418418e+01 	 7.086977e+03 	 5.966114e+05 
8.428428e+01 	 7.103841e+03 	 5.987421e+05 
8.438438e+01 	 7.120724e+03 	 6.008779e+05 
8.448448e+01 	 7.137628e+03 	 6.030188e+05 
8.458458e+01 	 7.154552e+03 	 6.051648e+05 
8.468468e+01 	 7.171496e+03 	 6.073159e+05 
8.478478e+01 	 7.188460e+03 	 6.094720e+05 
8.488488e+01 	 7.205444e+03 	 6.116333e+05 
8.498498e+01 	 7.222448e+03 	 6.137996e+05 
8.508509e+01 	 7.239472e+03 	 6.159711e+05 
8.518519e+01 	 7.256516e+03 	 6.181476e+05 
8.528529e+01 	 7.273580e+03 	 6.203293e+05 
8.538539e+01 	 7.290664e+03 	 6.225162e+05 
8.548549e+01 	 7.307768e+03 	 6.247081e+05 
8.558559e+01 	 7.324892e+03 	 6.269052e+05 
8.568569e+01 	 7.342037e+03 	 6.291075e+05 
8.578579e+01 	 7.359201e+03 	 6.313148e+05 
8.588589e+01 	 7.376385e+03 	 6.335274e+05 
8.598599e+01 	 7.393590e+03 	 6.357451e+05 
8.608609e+01 	 7.410814e+03 	 6.379680e+05 
8.618619e+01 	 7.428059e+03 	 6.401960e+05 
8.628629e+01 	 7.445323e+03 	 6.424293e+05 
8.638639e+01 	 7.462608e+03 	 6.446677e+05 
8.648649e+01 	 7.479912e+03 	 6.469113e+05 
8.658659e+01 	 7.497237e+03 	 6.491602e+05 
8.668669e+01 	 7.514582e+03 	 6.514142e+05 
8.678679e+01 	 7.531946e+03 	 6.536734e+05 
8.688689e+01 	 7.549331e+03 	 6.559379e+05 
8.698699e+01 	 7.566736e+03 	 6.582076e+05 
8.708709e+01 	 7.584161e+03 	 6.604825e+05 
8.718719e+01 	 7.601606e+03 	 6.627626e+05 
8.728729e+01 	 7.619071e+03 	 6.650480e+05 
8.738739e+01 	 7.636555e+03 	 6.673386e+05 
8.748749e+01 	 7.654060e+03 	 6.696345e+05 
8.758759e+01 	 7.671585e+03 	 6.719357e+05 
8.768769e+01 	 7.689131e+03 	 6.742421e+05 
8.778779e+01 	 7.706696e+03 	 6.765538e+05 
8.788789e+01 	 7.724281e+03 	 6.788707e+05 
8.798799e+01 	 7.741886e+03 	 6.811930e+05 
8.808809e+01 	 7.759511e+03 	 6.835205e+05 
8.818819e+01 	 7.777157e+03 	 6.858533e+05 
8.828829e+01 	 7.794822e+03 	 6.881915e+05 
8.838839e+01 	 7.812507e+03 	 6.905349e+05 
8.848849e+01 	 7.830213e+03 	 6.928837e+05 
8.858859e+01 	 7.847938e+03 	 6.952378e+05 
8.868869e+01 	 7.865684e+03 	 6.975972e+05 
8.878879e+01 	 7.883449e+03 	 6.999619e+05 
8.888889e+01 	 7.901235e+03 	 7.023320e+05 
8.898899e+01 	 7.919040e+03 	 7.047074e+05 
8.908909e+01 	 7.936866e+03 	 7.070881e+05 
8.918919e+01 	 7.954711e+03 	 7.094743e+05 
8.928929e+01 	 7.972577e+03 	 7.118658e+05 
8.938939e+01 	 7.990463e+03 	 7.142626e+05 
8.948949e+01 	 8.008369e+03 	 7.166648e+05 
8.958959e+01 	 8.026295e+03 	 7.190724e+05 
8.968969e+01 	 8.044240e+03 	 7.214854e+05 
8.978979e+01 	 8.062206e+03 	 7.239038e+05 
8.988989e+01 	 8.080192e+03 	 7.263276e+05 
8.998999e+01 	 8.098198e+03 	 7.287568e+05 
9.009009e+01 	 8.116224e+03 	 7.311914e+05 
9.019019e+01 	 8.134270e+03 	 7.336314e+05 
9.029029e+01 	 8.152337e+03 	 7.360768e+05 
9.039039e+01 	 8.170423e+03 	 7.385277e+05 
9.049049e+01 	 8.188529e+03 	 7.409840e+05 
9.059059e+01 	 8.206655e+03 	 7.434457e+05 
9.069069e+01 	 8.224801e+03 	 7.459129e+05 
9.079079e+01 	 8.242968e+03 	 7.483856e+05 
9.089089e+01 	 8.261154e+03 	 7.508637e+05 
9.099099e+01 	 8.279360e+03 	 7.533472e+05 
9.109109e+01 	 8.297587e+03 	 7.558362e+05 
9.119119e+01 	 8.315833e+03 	 7.583307e+05 
9.129129e+01 	 8.334100e+03 	 7.608307e+05 
9.139139e+01 	 8.352386e+03 	 7.633362e+05 
9.149149e+01 	 8.370693e+03 	 7.658472e+05 
9.159159e+01 	 8.389020e+03 	 7.683637e+05 
9.169169e+01 	 8.407366e+03 	 7.708856e+05 
9.179179e+01 	 8.425733e+03 	 7.734131e+05 
9.189189e+01 	 8.444120e+03 	 7.759461e+05 
9.199199e+01 	 8.462527e+03 	 7.784847e+05 
9.209209e+01 	 8.480953e+03 	 7.810287e+05 
9.219219e+01 	 8.499400e+03 	 7.835783e+05 
9.229229e+01 	 8.517867e+03 	 7.861335e+05 
9.239239e+01 	 8.536354e+03 	 7.886942e+05 
9.249249e+01 	 8.554861e+03 	 7.912604e+05 
9.259259e+01 	 8.573388e+03 	 7.938322e+05 
9.269269e+01 	 8.591935e+03 	 7.964096e+05 
9.279279e+01 	 8.610502e+03 	 7.989926e+05 
9.289289e+01 	 8.629090e+03 	 8.015811e+05 
9.299299e+01 	 8.647697e+03 	 8.041752e+05 
9.309309e+01 	 8.666324e+03 	 8.067749e+05 
9.319319e+01 	 8.684971e+03 	 8.093802e+05 
9.329329e+01 	 8.703639e+03 	 8.119911e+05 
9.339339e+01 	 8.722326e+03 	 8.146076e+05 
9.349349e+01 	 8.741033e+03 	 8.172297e+05 
9.359359e+01 	 8.759761e+03 	 8.198575e+05 
9.369369e+01 	 8.778508e+03 	 8.224909e+05 
9.379379e+01 	 8.797276e+03 	 8.251299e+05 
9.389389e+01 	 8.816063e+03 	 8.277745e+05 
9.399399e+01 	 8.834871e+03 	 8.304248e+05 
9.409409e+01 	 8.853699e+03 	 8.330807e+05 
9.419419e+01 	 8.872546e+03 	 8.357423e+05 
9.429429e+01 	 8.891414e+03 	 8.384096e+05 
9.439439e+01 	 8.910302e+03 	 8.410825e+05 
9.449449e+01 	 8.929209e+03 	 8.437611e+05 
9.459459e+01 	 8.948137e+03 	 8.464454e+05 
9.469469e+01 	 8.967085e+03 	 8.491354e+05 
9.479479e+01 	 8.986053e+03 	 8.518311e+05 
9.489489e+01 	 9.005041e+03 	 8.545324e+05 
9.499499e+01 	 9.024049e+03 	 8.572395e+05 
9.509510e+01 	 9.043077e+03 	 8.599523e+05 
9.519520e+01 	 9.062125e+03 	 8.626708e+05 
9.529530e+01 	 9.081193e+03 	 8.653950e+05 
9.539540e+01 	 9.100281e+03 	 8.681249e+05 
9.549550e+01 	 9.119390e+03 	 8.708606e+05 
9.559560e+01 	 9.138518e+03 	 8.736021e+05 
9.569570e+01 	 9.157666e+03 	 8.763492e+05 
9.579580e+01 	 9.176834e+03 	 8.791022e+05 
9.589590e+01 	 9.196023e+03 	 8.818608e+05 
9.599600e+01 	 9.215231e+03 	 8.846253e+05 
9.609610e+01 	 9.234460e+03 	 8.873955e+05 
9.619620e+01 	 9.253708e+03 	 8.901715e+05 
9.629630e+01 	 9.272977e+03 	 8.929533e+05 
9.639640e+01 	 9.292265e+03 	 8.957409e+05 
9.649650e+01 	 9.311574e+03 	 8.985343e+05 
9.659660e+01 	 9.330902e+03 	 9.013334e+05 
9.669670e+01 	 9.350251e+03 	 9.041384e+05 
9.679680e+01 	 9.369620e+03 	 9.069492e+05 
9.689690e+01 	 9.389009e+03 	 9.097658e+05 
9.699700e+01 	 9.408417e+03 	 9.125882e+05 
9.709710e+01 	 9.427846e+03 	 9.154165e+05 
9.719720e+01 	 9.447295e+03 	 9.182506e+05 
9.729730e+01 	 9.466764e+03 	 9.210906e+05 
9.739740e+01 	 9.486253e+03 	 9.239364e+05 
9.749750e+01 	 9.505762e+03 	 9.267880e+05 
9.759760e+01 	 9.525291e+03 	 9.296455e+05 
9.769770e+01 	 9.544840e+03 	 9.325089e+05 
9.779780e+01 	 9.564409e+03 	 9.353782e+05 
9.789790e+01 	 9.583998e+03 	 9.382533e+05 
9.799800e+01 	 9.603608e+03 	 9.411343e+05 
9.809810e+01 	 9.623237e+03 	 9.440212e+05 
9.819820e+01 	 9.642886e+03 	 9.469140e+05 
9.829830e+01 	 9.662555e+03 	 9.498128e+05 
9.839840e+01 	 9.682245e+03 	 9.527174e+05 
9.849850e+01 	 9.701954e+03 	 9.556279e+05 
9.859860e+01 	 9.721684e+03 	 9.585444e+05 
9.869870e+01 	 9.741433e+03 	 9.614668e+05 
9.879880e+01 	 9.761203e+03 	 9.643951e+05 
9.889890e+01 	 9.780992e+03 	 9.673294e+05 
9.899900e+01 	 9.800802e+03 	 9.702696e+05 
9.909910e+01 	 9.820631e+03 	 9.732157e+05 
9.919920e+01 	 9.840481e+03 	 9.761678e+05 
9.929930e+01 	 9.860351e+03 	 9.791259e+05 
9.939940e+01 	 9.880241e+03 	 9.820900e+05 
9.949950e+01 	 9.900150e+03 	 9.850600e+05 
9.959960e+01 	 9.920080e+03 	 9.880360e+05 
9.969970e+01 	 9.940030e+03 	 9.910180e+05 
9.979980e+01 	 9.960000e+03 	 9.940060e+05 
9.989990e+01 	 9.979990e+03 	 9.970000e+05 
1.000000e+02 	 1.000000e+04 	 1.000000e+06 
